2920652471
2398331317
2572919367
2012438665
1715100110
1887106420
2733859117
2235423171
1523819194
2307412012
1975168295
1899298395
1640329134
2803819772
2659364554
1772421070
2713294081
2291008847
1868703564
2022226315
2048079055
1916193761
2154624314
1688497000
2611852775
2016174835
1762920270
2663375703
1907988917
1441231907
1263129012
1880332240
1798138171
1762640353
2587016782
1431257570
1241632077
1890623807
2306348554
1456479791
2001990244
1793618451
2180937874
2040590005
2303709452
1357562727
2676886787
1801942383
1752907713
2867101094
1776818545
1992840087
1935931281
2605365835
1750355391
1354155703
1881163570
2265309967
2217572630
2259700233
2603057162
2677928801
1879728972
1873994865
1989701241
1880364413
2267411302
1798766523
2561752285
1733895332
1944329910
2741819842
2505190171
2043445220
1823900407
2876065102
2491815965
1893483663
1874143431
1911652835
2557187522
2818907620
1803089927
2169621664
2620588615
1964388243
1905509054
1980509101
1575086494
1350068811
2851021763
2941509493
2062192625
2671120365
2191221434
2658134020
2521357492
1650829012
2480545004
2153581373
2877551961
2387984524
1977598355
2470870454
1869075917
2833565634
1682515042
2255245702
2799033215
2823818654
1745000601
1973603815
2848157345
1957759231
2137923067
2366314250
2776983722
2543768802
1800376035
1767681343
1559081302
2029823721
2141344061
1847081277
2606551841
2500205084
1939667860
2003484001
1777516203
1911111947
2101191427
1725074172
2236425410
2000655363
2096568581
2522540385
1797622012
1341862762
2461250140
2176078900
1611517157
1665635920
1768649483
2638208151
2534118492
2298355467
1898657243
2681145157
1677166003
1899141757
1967447921
2470176375
2824461897
2741622097
1900314691
2165070957
2275537002
2889019723
2068410325
2150789314
2169914940
2976201735
2090194313
1882611690
2398044024
1917824295
1948496423
1362413325
1909131195
2306423755
1863059034
1974070232
1748926262
1801484915
2264099841
1515704124
2304232202
1737134323
2981877952
2012258253
1353787341
2656114761
2684695161
2454397430
1784616341
2552094202
1200244295
2402714970
2141698374
2201239910
2585427003
1732096023
2185687693
2004545295
1821494403
1742265630
1796187995
1249964410
2688325635
2393502862
2050939373
1347703940
1807560415
2295376237
1806961607
1905937665
2286190170
1770119332
2348101223
1930660485
2032271881
2758452957
2615003112
1765168054
1676786597
1263130293
2871047487
1315498950
2173919472
2039557893
1961246514
1974389730
2011042995
1828491295
1958404085
2581763351
2080730573
1785792950
2382400265
2153498223
2314024211
1833249632
2153469270
2871955124
2247510743
2711544864
2269435560
2712736214
2521728723
1990567503
1644400745
1711128207
2216279684
1876623041
1810846313
1607483423
2402642644
1865888422
1894583724
2392435133
1744585651
1355636505
1844496163
2737474573
2771293901
2722402303
1101802721
2077879894
2534825481
1215260385
2671493857
2486701927
1836525731
1973893037
2672404351
2467230607
1986755891
2244500843
2006759955
1811249182
1816601831
1762851857
2655212083
2995703822
2087092473
1950412971
1868741592
2283511681
2595046397
2210561037
2434023867
2747105211
1986285847
2926483712
1783267611
2114971902
2950204730
2179731534
2341315461
1822538393
2008328843
2092576415
1852842862
1881488242
1990015767
1449562404
2644807181
2986851732
1905845754
1853781944
2551994971
1053488544
1781044121
2169938402
2180639744
1626497043
2003645327
2645348653
2689705705
1682926195
1946432405
2098403940
2158637167
1743845584
2130725671
1864640184
2013223022
1229693413
1172643060
2137086397
2214027251
2012924815
1650022361
1783142490
2983220564
2946714032
2103192701
2429065535
2422122393
1418821964
1677951764
2550422842
2485679724
1980269725
2004436063
2599243715
1868162411
1766998814
2824321702
2164699510
1644000081
1808650652
1919902657
2693047992
1863621172
1956043531
1662884984
1488679353
2153261285
2171519354
1785309353
1829518922
2015258245
2472869017
1921580613
2648422660
2258103925
2646960561
1782720363
1443774437
1972597875
1310391371
2329283597
2097644013
2351249583
2766088907
1796333473
2040628052
2813010990
2003099647
2081161122
2104320270
1416302303
1866202551
2238297795
1960716853
2786276412
2703230522
1996574707
2878450463
2325102743
2635427831
2170314123
1492009675
2636041133
1409921615
2075448073
2128699255
1975521177
2071187963
1830243701
2044975153
2711226692
2348794431
2122953115
2386106805
1761798415
2604797155
1677464977
2268208980
2349399834
1849384741
1772386867
2028947790
1897121761
1769235177
2481306830
2242348205
1169161600
1665849384
1951052801
2558088951
2167956060
1725823584
1772222020
1251209785
2494716482
2451609534
2162743453
1946483840
1146061225
1841936145
2280299044
1903204533
2423750114
2355203815
1897809420
1656821821
2314318292
1764814940
2047637405
2262175354
2294247204
1964167535
1903962404
2338912814
1566273807
2490631655
1214953631
2644500433
2686180595
2301705665
2043997107
1865475165
2271216930
1433608134
2341870662
2624996931
2133688563
2514132320
1947349355
1836879160
1925584862
2703463971
1873844745
1948179641
2263844335
1029049711
1001694122
1413378077
2100575802
1351741700
1748320277
1088213932
2033938732
1766641650
1709275603
2170878292
1819580551
1877428342
2017646652
1917543231
1772828741
1892994503
1880614342
1704318167
2824517761
2412918471
2446348467
2161554293
2642875944
2029910437
2483750593
1905900455
2354638062
2168432990
2214912121
2539518691
1548618453
2033046255
2700897822
2003037205
1431689503
2005424810
1759926905
2589081567
2839904640
2145249257
2706584652
2646599371
2177030635
1216948944
1816290737
2249121812
1563996504
2773890600
2273083152
2299747005
2167045940
2446595572
2859676732
2449165291
2096688734
1957421871
2438800270
1727661551
1645041844
2195722652
1857773944
1196950912
1809085970
1871732022
2636382141
2082208803
1907592554
1821375364
1444590364
2049308174
2143725323
2273412793
1809487712
2282091283
1568549643
2812939792
2143481283
2502230272
1804873825
2522570762
1415723195
2735618260
1703482345
1625852020
2545412165
2086811061
1720067851
1641404774
1372797614
1582175964
2966975290
1265710891
1990689603
1763686740
1355433073
1734506843
2109330074
2319758052
2748027604
1991895445
1853877695
2174344623
2498910070
1693395032
1196953291
2580786670
2757007071
1750758273
1868601737
1873018647
1764698855
2163946951
2842013864
1800939463
2655950573
1737123822
1821742421
1804671731
1781332217
2664972385
1114536447
2033079315
2280677195
2245619215
1845994311
1857536964
2167557744
1800472250
2570426011
2100656625
2304230183
1851878607
1799869831
1518467020
1182094742
2127664897
2433978057
2804730487
2315845570
2707330201
1738483365
1987830551
2672856871
2335172864
1463959190
1863715154
1850994273
1657050615
1980813947
1810374804
1936720204
2161732962
1600660613
1509783644
1248160302
1490312814
2485262602
2332402724
2486427245
2162646357
2695800334
2150583632
1747348653
1667265107
1644158374
1931504567
1271891245
2709161795
1800218185
1433774507
2557197551
2925100741
1876449264
1782035197
2447080963
1448896530
2502589122
1464324803
1862378467
1812689831
2443677320
2040787457
1617464554
1859159140
1956150781
1784503427
2808618905
1777742644
1796546244
2471458960
1777844241
1819100244
2156064505
2240596271
2285749753
2596976314
1913435521
2603811651
1839586250
1671154623
2792997860
2086070704
1083846190
1964553723
1942573177
2041289277
2268491534
2414473022
1897919427
2108566827
1857246080
2037836413
1895578217
2632242374
1853596364
1708938580
2289317027
1974939187
1601150570
2808875960
1676674535
1800358812
1763003182
2651958512
2690204063
2185869863
2250943910
2535083085
1923946775
2178345854
2011908537
1420030360
2414450200
1953041812
1403979801
2269227740
2046818465
1999816151
2642481337
2604346740
2779170533
2257079023
1974264804
1983282002
2268542047
1169007301
1575643872
2737379393
1676958633
2496765312
1974785684
1359060241
1685888781
2700557804
2176474185
1735797835
1992074027
1918523942
2272832400
2106693313
1985610310
1835746871
2715707514
2156458230
2415239550
1962797867
1751134812
1772690730
2524766140
2176046797
2621656300
2168982807
1630831245
1885284705
1721000553
1204139337
1684019382
2326407844
1939342577
1436401354
1802036021
1406975280
2166882624
2670124420
2621673230
1558327563
2658896811
1909117904
2249575633
1706458273
1701857444
2415867747
2695335012
1738764564
2150631844
1881435451
2883027950
1851585567
2644670103
1880033567
2111303525
1904103314
2695471647
1270640951
1927844735
2790491877
2101006337
2210559572
2119199974
1887412632
1982142807
2019123293
1992987391
1229196997
2425155084
2687787542
1439123341
2409257543
1991474860
1852781993
2600834992
2267855791
1878187077
2792323341
1220582127
2598490091
1656388103
1843908337
1804376910
2704680863
2749348675
2169593404
2099874495
2952331380
2288162407
2957457094
1916410725
2115082630
1662707894
1279187085
1645385820
2591646133
1869051671
2836707281
1912744860
1892584142
1445220687
1949268967
2826335652
2035640974
2402758430
2853227322
2290765617
1851570181
2412156992
1890506837
2369087070
2317021480
1689924205
2697360553
1288757331
2131426092
2249963874
1682816717
1193659235
2726549275
2491693585
2152561744
1728215013
2474642410
2003283685
1878208971
1877352151
2908893093
2597908245
1710159381
2655238387
2086060861
1867591251
1739688294
1804400993
2529602980
1807043100
2042178382
1131053592
1835358562
1963162283
2560470754
2155208171
1776263165
2005040981
1743937561
2152007573
2876094762
2109156833
2386747620
2197002590
2144012803
2709016501
2147500201
1914887803
1721174523
1777219585
1731157057
2710806285
1951274440
2205545280
1256875017
2619615783
2139106355
2154144254
1251410562
2146917324
1888080074
1449949510
2173787030
2520613263
1262098951
1973448205
1773455742
2605138531
1266540165
2090393683
2277358263
1892432567
2203681663
2711275605
2137103121
1772147834
2497868480
1916321665
2113938331
2167634657
2606627184
1565301782
2148232022
2611351573
2213103524
2704536831
2248612010
2211206780
1946332782
1973225117
1928743995
1793564842
2583879371
2801034882
1899466583
1836665145
1966832370
1654191552
2270794244
2734191917
1117686420
1649341857
2504675302
1913708305
1661746617
1463125855
2629246202
1763969023
1253590652
1667213251
1059225422
2033580572
1986905827
1690106904
1948438721
2810749122
1706756064
2312753560
1820267694
2492991670
2543194430
2101589020
2499069714
2868617674
1714721205
2818799250
2111584843
2268439272
1739247217
1783280901
2794328812
2300973161
2378793405
2291158774
2832877353
2622924637
2288443423
2265431384
1748938044
1698822550
1936910855
1787434491
2568060761
1901582507
2402712480
1965645067
1693522631
1418584411
2442663081
2795943464
2325184353
2022979995
2516673453
1978213363
1848589605
2693728624
2158991712
1863686114
1166697942
2372430780
2299018267
2801856214
2644682995
1773030172
2742738621
1992281415
2793551317
1858052232
1906060571
2414330944
1915512110
1351363184
1845283905
1824844312
1758595233
2290658970
2685479441
1711884725
2693718532
1853551101
2151007560
2277125174
2462845933
1721022472
2710038492
1827544281
1996782603
1861323012
1831441841
2712182487
2090303042
2427406704
1288232272
1842541861
2250269230
1870316852
1971000337
2669146251
2194004885
2650818430
2261273274
2481290757
2178519402
1201351723
1828186590
1136968607
2115099690
1774430110
1917362747
2245385107
1728899732
2706073370
1768530072
2613206525
2942509283
1815769034
1811879393
1411043551
1693428465
1658947602
2339382665
1820754795
1925336340
2585872010
1705749823
1775954920
1944843323
1801323063
2762769245
1291365731
2639167013
2410891385
2219835927
1963618252
2681976422
2141314637
1692317722
2688396773
2721771452
1304304062
1884828107
1787936430
2760067551
2077090855
1839511553
2520582502
1751176037
2203872974
1896650467
2351963220
2769084434
1767014095
2623871514
1806912977
1867857695
1244331487
2328621834
2813020730
1935339261
2154302870
1892806603
1761592297
2075384503
2301770164
2108944284
1762590695
1927966525
1904275050
2138065940
1225609800
1897759973
2192118852
2049054230
1766894800
2053586633
1780518740
2613397470
1738021074
1861281340
1568008697
1660788437
1745287395
2056917700
2001600673
2037089645
2261912997
2391292963
2266192447
2375060652
1857363272
1823506063
2331288474
2434121504
1746903303
2875374042
2671013601
1730753074
2884493090
1692722937
2108859800
1919429545
2567372162
2510022547
2741208952
1894808302
2819194420
2012209635
2151366901
1829201643
1949840645
2403834750
2281704755
1720493057
1846933053
2608418893
1008801467
2036432121
1953439880
1788273083
1846534075
2456952774
1907620981
2748310770
2456063642
1856087390
2626839237
2457800771
2607245337
2112666285
2619711265
1784649420
2398656755
2753180705
2770770195
2084726161
1887189190
2214350362
1907581441
2014550891
1902763850
2510945382
1756828187
1955836760
1311906545
1992717821
1070667514
1931283041
1193442330
1904730127
1808619445
1769766430
2678564725
1817200722
2295780804
1825657433
1890389461
1976590520
1909045271
1846713212
2509811350
1893194233
1987913032
2016960235
1691176861
2540598440
2542494897
1909156422
1904130330
2606765237
1809775434
1881438624
1730073087
1761984712
2279544853
2057415794
2784857177
1088667455
2737975892
2882448677
1234937177
1915217317
2239394332
2461648067
2090829272
2422166283
2186855692
1850258610
2423680303
2589684511
2179517332
2016578351
1832488702
2723360037
1952982277
2329876540
2343056840
2924812367
2005845601
1795862974
2754613553
1784331677
1740110334
2027205653
2828470904
1253090961
1741066381
1926237730
1680881905
2203492152
2472874411
1875594247
2083814132
2624304507
1808816181
1938055671
2769741053
1794344903
2622457981
1590764331
1752497713
1975346783
2424171091
2130458261
2084372611
1822896684
2546725890
2810721744
2162757740
1946267065
2517763432
2168709654
2042810803
1162868590
1456565191
2407041830
2713615261
2179396974
1992757307
1834354614
2821513023
2613843390
2623371293
1772831653
2806215784
1732425324
1894427250
1774881222
2145363731
2405123685
1424812331
2121080027
2631268094
2835654627
2026509957
2880433562
2638056512
2100513383
2691300311
1740605360
2125979734
1567353317
2006835057
1804464487
2716936101
1848894797
1164976837
1735442687
1824838805
2387518512
1659400313
2637307551
2698627832
1793851365
2985661420
2617572274
2524726784
1799650872
2532217130
2830352562
1961461935
2105180340
1881554561
2791501325
2475235267
2833083685
1953335374
2173008563
2083016723
1838763820
2405039575
2345171520
1931528104
2042115383
2379393957
1741409167
1892558444
2267718695
2576828017
2035037771
2173458017
2678839883
2457557150
1908792117
2191068781
2780890134
1866001442
2631378825
2611405522
2396552105
1786822440
1553784763
2553004190
1683236462
2485068112
2496428660
2757107465
1847047013
2158558003
1297653433
1976657204
1820476977
1805267865
1748586051
2843508562
2064713185
2123454981
1250421877
2318978275
2746583277
2495961480
2065602024
1963283657
1575670113
1817253024
1668152547
2671226104
1812766587
1485008640
2407443512
1923572811
1627733651
1769725150
2583426202
1916172725
1994509865
2136653797
2569771784
1962377221
1803741021
2264372050
1940415295
1402621615
2994292892
2703484923
1994221717
1765307885
1995086215
1072962122
1569929227
1707044895
2453053004
1976268215
2523321122
1917649195
2490168973
2715533793
2603162031
1872862025
2120293623
1881508774
1278442380
2709338220
2196478645
1936203704
2305872485
2036267754
2165531474
1810794321
2953685881
2136569143
2730678177
1960495737
2162724520
2663984005
2079506793
2110891541
2165672662
2307189295
2317106712
2681040282
2473143541
2196989470
1584565637
1922154251
2258022934
2057224155
1580818772
2480035301
2519297637
1761083984
1810956801
2312241063
2111291222
2707645981
2642728601
2092548672
2827881092
2798364620
1868077293
2334660407
1654150035
1056237401
2720359723
2118497572
2628380681
2974596294
2330780860
2132252800
2844543851
1766289913
1960499965
2000098665
2624034747
2495807633
2295474345
1997960231
2011299447
2019034830
2609654885
1733109130
2281464343
2328349554
1797130117
1771079452
2874721930
2684660267
1841829643
2783083155
2291992522
1770371765
1777559995
1733630443
2554508161
1796340554
2762191984
2192716521
1883636901
2139510383
2302197131
1802355885
1988018981
1552561013
1992219273
1275261132
1790062163
1803986004
1591494230
2019096915
1002838545
2539265617
1927539491
2766910755
2057451043
1346197164
2213721962
2165618527
2271056672
2176149010
2166386475
2626450217
2706275571
1891421150
2505648982
1643105871
1276291302
1773875781
1849816437
1847334403
2283277847
2691453981
2398061322
1745258471
1950578741
1976854827
2571479417
1747447182
2009383835
1955173827
2851660252
1801749310
1868209940
2274244371
2580045311
2177504760
2040420881
2437430871
2321968362
2191050800
2535397702
2135622870
1768228030
1861365152
1920353284
2008387610
2773493121
2119979765
1886394445
1844624024
2422830400
2530641034
2805321863
1844131497
1875692805
2032154482
1647018183
1812983155
2352530337
1835411595
1956053202
1829814680
1761858091
2678845770
2673390583
2695662723
1675970981
1865136895
2767856825
2601711397
2385344847
2217031070
2006570863
1870109464
2637086752
1710820735
2469105245
2638858673
1982975402
2635031795
2344721752
2129971511
1940419024
1798912017
1419240890
1716396220
1215436027
2137227484
2101971841
2253946951
1805032002
2337304992
2341612855
1610230572
2026081895
1794444112
1840661517
2466963640
1979891335
2116148581
1993171004
1803502747
2012444135
2000317547
1661228151
1773628693
1276724302
2518916410
2635233055
1842740172
1905006897
2269326413
2194800665
2808236284
1734031493
2364404014
2731905947
1078980621
1593637012
1987159273
2828485103
1938252424
2662891593
1652624691
2409458301
2530365922
2798232152
2460214952
1660119451
2155062313
1760816134
2810471900
1758916360
2172524205
2145742251
1797914371
2162344631
1937681510
2034750241
1812531305
1945186814
2215779281
2877627114
2106926594
1664562784
2632878291
2610672403
2182234754
1962141943
2128958501
1884264752
2132572641
2610355363
2004586580
1005231305
1799784175
2605630651
2022729253
1757681303
1048349957
2055527761
2690091387
1568682662
1884860881
1958716605
1671782343
1852000281
1750937770
2170064665
1795872112
2035685690
1895607887
2406922582
1842433423
1285294667
2819179874
1811824582
1935192952
1840959132
2114230394
2752331807
2355116773
2859753002
2669979360
2001648633
2032070771
1237594460
2872204030
2474630894
2187802000
2390741373
1949420160
2112385274
1753138403
1844596851
1985186247
2368798041
2499192663
1808155871
2183676924
2400562157
1734767292
1866496160
1894109627
2093081413
1963721263
2503953812
2139995225
1891224564
1791012583
1986651582
2006394951
1852452425
2784844115
1857315967
2714796051
1664125250
1866066440
2417040303
1675110775
1947529173
1707127604
1812313064
2057620415
1913965444
1682258840
2594354947
2145393644
2242770780
1373007827
2381292480
1828657390
1728678745
1759487683
2819887914
1408089904
2771427043
2716703557
2296531943
1445110124
2931915704
2646537463
2131826452
2050002155
2794139475
2474885450
2793449634
2785873582
1928622643
1991014093
2994860664
1788303227
2527332132
1813507730
2306613897
2910936377
2157072930
2524019701
2609116220
2397098877
2522479644
1589776745
2007616910
2409940922
2179758017
1296226312
1296600725
1682879014
1791133075
2257495465
1868747034
2431501943
1828064527
1984385577
2477319465
2574804837
2417679353
1684398372
2632656870
1215871322
1747451471
2082950585
2138449747
2131410373
2115789152
2836488663
1836654925
2344794421
1916933021
1707547995
1598365424
2619861273
2230651792
1779751041
2382244372
1875416893
1419681317
2230063534
1770893897
1739300467
1931442193
2678450242
1826483960
1163821902
2486852890
2183956393
2308469701
2952212514
1759490177
2384908127
2070193527
1886881491
2605447012
1311181384
1742250062
1908581617
2256853634
1852567867
2608806725
1752426223
2313329074
1905620785
1711133811
2796603291
2074434602
1929663514
1936254052
1969284910
1883636744
2802373050
2138463533
2402497895
2061833737
1786852717
2284095224
1768706257
2068455703
1661720115
2144856964
1337187590
1793695882
1735913424
2393002032
2105422867
1786617501
1960498347
1175480552
2483735494
1412868961
1826805007
1866123884
1606210197
2502406721
2104545814
2101338014
1113198777
1747792587
2477947221
2112018181
2603642030
1655813643
1833654397
2997325920
1777080571
2161480182
1817489904
2133632317
1231198711
1342328300
1658535091
2038030041
1799944725
1436236230
1267464502
1959717362
2273504763
1287987882
1966242637
2427308751
2324456123
2710868105
2620019033
2984950340
2495130433
2661673723
2786898527
1736940153
1588480492
2053194213
1808069252
1747316663
2006553170
1827283864
1812980674
2535508401
2820582713
1821181813
1798411133
2093138342
1801876152
1491089715
2471199691
2100386543
2641533274
1835730875
1996110763
1322702293
2282257564
1703771935
2204634423
2691919824
2872028240
2018026493
1760570830
1737767610
2643281975
1189996887
2102608131
2705604335
1740011163
2393041511
2823162684
2488572245
2300103075
2640421924
1882405533
1808710964
1737931177
2567486505
1497582695
2094675327
2686835980
1836557162
2034196964
2710181150
2597335115
2612718465
2200391437
2281084275
1795350041
2132933271
2095916004
1890310631
2830102664
1720068913
2817261994
2410144901
2391586073
1926931274
1907786805
2340878111
2091657721
2020960597
2526578262
2083760343
2034874085
2038169945
2479832143
2008218153
1789442007
2876803692
2625938833
2160640413
2143271031
2503255360
2680667072
1582580984
1627335197
2309818791
1874104665
1926647267
1790093314
1934743703
1595841281
2689856185
1891026134
2640606521
1394996595
1420441153
1835387740
1676206323
1942614864
2334132821
2607717883
2768292663
2204112501
1817712757
1844496721
1460794292
2429692415
2615876140
2028507941
1768986715
1989893990
2088461957
1874598860
2802782277
2145753171
1908863867
2125807381
2387329832
2384244673
2352064245
2442547962
1666875271
2348560512
2441864752
1848789240
1265510810
2011342637
2887497097
2241442873
2779731650
1773672195
2886318004
2236707161
2635769213
2814152245
1794951724
1842722085
1785974943
2289581034
1909798861
1897391767
2020988254
2570267735
2193143085
1910070444
1971377052
2741401723
2800214622
2557314657
2315546614
2155905792
1864793491
2651055441
2694601517
1459675603
2042538870
1914153274
1068032662
1986311603
1823892997
1904142071
2249388521
1960774771
2317367630
2661668431
2687542842
2428135560
2009386185
2506005072
2416109070
2002344752
2699699340
1706404723
2645953460
1802424253
1644218237
1911245523
1636705343
2345897607
1842995601
2285254527
1698245054
2721090865
2192915160
1886664363
1960910960
2655970394
1824269884
2022901655
1642361062
2792976104
2640594303
1134879891
2182799313
1275047630
1944590935
2134634532
1879294753
1541975550
1781890220
1226618691
1679252662
1780524915
2337442430
2761178365
2538435417
1787917164
1208119664
2724224452
2238494321
2155084697
2802891850
1955668030
1440251110
2700181372
1744467280
1670720855
2624223123
1965884977
2637084131
2039700425
1744309987
1627485472
1663909062
1646978245
1167671634
1408006901
1860226694
2418433695
2572146883
2372751922
1826381171
1829601453
2042952961
2056255341
1761117184
2574345170
2680071253
2656164721
1885855117
1589324193
2143036725
2442449205
2729599673
1665234921
2111596767
1913700973
1748571387
2275306824
2449959552
2815029350
2735702425
2457073002
1853985980
1227707694
2353200533
2703963074
2464824977
1826653060
2131028795
2942141293
2654897854
2566763844
1792067327
2315379844
2064233851
2108459883
2410631321
2718465253
2375750463
2840965314
1904586084
1953231287
1780753304
1726613374
2922524020
1968289902
1996398197
2180370417
1863379245
2123403777
1847050672
1856259542
2412196863
2665508531
1888128064
2062822984
1820140580
1333408841
1790503957
1842214651
2411487804
2073353641
2137369873
1877616780
2055912845
2481423171
2046835741
1771918550
2418385865
2621090433
1884521771
2691628051
1683308261
2785113783
2018957571
2708067871
2619559593
1727681902
1871638652
2431655120
1827382587
1898730194
2093107913
1977483147
2210947601
2483929261
2640885824
2672436253
2169831161
1739007080
2640776962
2694697684
1875038040
2340553384
2299776673
2798026527
2882006815
1702185205
1898273811
2198430744
1305215615
2267827724
1728743442
2265514101
2204172521
1830977830
2163770811
2770313201
2452128942
2119290807
2812211922
1959370761
2504236833
2688925983
1890928380
2516175415
1936028864
2155679665
2753821254
1866800031
1959053411
2109472044
2674937695
1214432105
1985223015
2278361562
2026411581
2133886912
1836622607
1808982532
2105572075
2611316113
2238253995
2459889234
1978773615
2140307633
1591741093
1833116607
2358872702
2857166332
2035262761
1841421005
1847888233
1985411641
1949363621
2433821467
2325513760
1732713971
2538711653
2785145374
1841651667
1956310897
2007502355
2218141065
2267625820
1969382143
2235567642
2344613511
1771860343
1678510142
2608001734
2513919582
1401067511
1721112664
2568064677
1865801237
1965323435
1926057340
2104941641
2735633823
2831421390
1705448655
1634260065
1727396655
2357619051
1338321462
1965593305
1465326660
1728652711
1119154175
1761755477
1711789693
2304886593
1639178165
2088926647
1626474432
2062789613
1835019525
1662942147
1813739560
2146584694
1900382700
2624432117
2646934860
1931168205
2748100400
1330479647
2130875527
2270439741
2075313271
1833779312
1846043254
2639006482
2527277873
2121146714
2370877450
1710397512
1584313091
1958681924
1848344905
2741353771
1417146152
2462262905
2266898240
1664277632
2013348635
1843497244
2157548695
1812822112
2548058564
2164854032
2238325982
1771608681
2242640102
2301414022
1987590331
1541749250
2437133434
1616251201
1770061485
2715170604
1561306533
2711857950
1888702371
2097035717
1670730962
2860700644
2194518517
1786660333
1028362793
1911097037
1281221774
1961682267
2263907890
2806842157
2032504625
2136382652
1066440501
2694563083
1835680512
1930418091
2540783602
2120913867
1310535341
1633575643
2645837102
1903254663
2653297150
2890984385
1942785185
1774017197
1688301851
2291149790
2205940315
2718476781
1867274072
1221955181
1572907027
1639503144
1803796501
1811527297
1739465527
1810317401
1311005233
1366471597
2131419102
2621537605
2266297004
1297955831
1766481043
2247585705
1662680814
1678253792
1765130460
1665468914
1885621875
1689026054
2665351313
1042872751
2219703077
1734154754
1766698044
1825172305
1895298114
1764982421
2993017630
2192573427
2173436344
1749825503
2074247933
2719952633
1707257434
1897356191
1885136375
2129506031
2203013263
2027020531
2113866684
1201431385
1946424535
2174811655
2085236745
1640261073
2044303963
2647757733
1736798914
2413861133
1761069073
1768558500
2233516311
2179047797
1880314141
2665021261
1865011453
2540362995
1022220255
1166858323
1728003637
1826394332
1886514014
1487612797
1902733205
2855478037
2620923267
2532991867
1677384304
2054541263
2209672132
1909429007
1752716035
2199331944
1822013842
2019784777
2480215454
2686556255
1449132040
1750449481
2464178681
1471348573
2412915540
1775723653
2599824113
2608561374
2314831863
1825836261
2356098937
2766349703
2170851840
2256827430
2157123643
2002820675
1285081625
1733765385
1891547885
1864566972
1660588740
1899333724
1781532673
2853350450
1890637342
2177378853
2142426924
1755390733
1818205620
2084046551
1854917801
1729794157
1840550352
1689957135
2281389195
1851381020
1834016970
1760437001
1629850580
2697331237
1757037193
1859578250
2281908672
2114510364
2135631433
2710845860
1859177844
1880265975
1733890683
2013327200
2866976460
1570917612
2279774175
1153855692
1319609573
2218505667
2208621924
2278197735
2132211104
2113778834
1791775187
2253317644
2019256857
2452391894
2973767952
2238277612
1738010922
2867800944
1937757311
2128314120
2822898563
2694318680
1649920000
2689170644
2574621170
2148991792
1939572020
2380336447
2338400222
1986949727
2433985430
1835359311
1045817662
1698493630
2274935840
2091810027
2270603974
1801886464
1850084692
1738104962
1804128884
2049677102
1734148603
2290077277
2654189494
1962316487
1351086633
1998873535
2814684452
2719571213
1885513451
1811080570
1798338704
2780053541
1814719577
2671163043
1858779370
2452036365
2859464790
2609497971
1854185854
1475997815
1415510734
2607270200
1757309485
1761712230
1787930972
2605361407
1803557434
1267347885
1490447820
2903940700
2250740291
2825305222
2153472802
2473486654
2650783077
1921718305
2332196067
1877055903
2244098764
1735014905
1450463695
2050827845
2391329351
2673759900
2369101280
1778801715
2273531851
2816995523
1903711285
1263387613
1862869460
1009785241
2756363831
2816103997
1841283914
1823481403
1750441963
1892263951
1667546142
1750045787
2856705140
2302876480
1835122605
2113462705
1815004833
1864514011
1769399347
1751518903
2342620885
1898265221
2918834405
1848860644
2949120777
1170672630
1909310665
1651679902
2359906110
2707082077
2426425273
2172827753
1904479535
2727477140
2018412994
1923264724
2598031524
2648514817
1944458434
2248208950
2544140621
2132568487
1765146254
2193310930
2151414037
2979224512
2098371184
2322063105
2865583182
1725900924
1674413963
1934449025
2131673305
1671715104
2784129175
1993406993
1071414014
2308293085
2633209947
2651179363
1918596792
1811885895
2305596037
1294700410
1113137783
1665815112
1982320852
2171260540
2738923982
2350058994
2068317593
2750591677
2150168563
1146714801
1806302147
1784804227
1265965951
1774341424
2104853614
1965401665
1739013340
1734792862
1826556425
2549421261
1867561412
2481589693
2235121215
2807519345
1772906954
2267460594
1175218531
1994392371
1770960663
1960081572
2601862337
2012876722
1835568905
2393661805
1629482127
1565939001
1863929902
2166335657
2426554985
1970574757
2212853011
1816259630
2366701671
2495385965
1876906244
2284359544
1593500713
1773530370
2537589415
2191596331
2274432340
2302721852
1991195573
2292448947
2533556652
1364639641
1773498674
1909754191
2512537075
1863323604
1540460040
2617578727
1808127130
1724713212
1855419864
1996120937
1662281993
2788132033
2981932712
1730874983
1905664747
1880916373
1779781113
2651501245
1917922702
1948167121
2892324061
2784348140
1773960741
1897677457
1931113471
2499736490
2807228052
1577220282
2462237291
2126774775
2539117263
2437839085
2491991223
1942207067
1743976581
1102745051
1899108520
1235863532
2148520174
2138711821
2677432210
2691881611
2821587291
1845746772
2273914564
1838622304
1864801083
1804672787
1503713115
1796913774
2323571184
2413389183
2816029511
2206351027
1287753507
2313545413
2518691832
2662250285
2596473491
1935415124
2386620457
2776491947
2620700321
1891211651
1868161464
1886318632
2113316572
1864742513
2254935510
1775935565
1772053142
1875074592
2146323814
2406757712
2662574591
2687056392
1958615740
1152522444
2548673982
2290482602
1793132132
2617030131
2035195731
1221140752
2156532444
2419036225
2539343757
2211662994
2407571654
1915388823
1678187732
2857358384
2500404020
1835874102
1985427005
2029245047
1987718235
1944557784
1631434757
2815799350
2142705950
2158474130
1993296497
1635818643
1891996723
1051195593
2627595145
1240024253
1249057412
2366231443
2126988892
2952246892
1662512380
2486297624
2810088724
2873427920
2231642105
2580516910
1819519463
2805616983
1707626645
2383475817
2210307950
2340615691
2318380534
2942236272
1943734331
1966950311
1709088255
2243290024
2680279485
2012444074
2054152711
1731708720
2879327880
2580643580
1821895401
2753020885
2091766533
1900413671
2447580535
1678105112
2110281061
2366510602
2964774220
1616207577
2087200122
1751379074
1497444082
2134855197
1991530945
1769930520
1906509951
1712203045
2686495314
2404138165
1745265802
1283664763
2538916174
1968421287
2830711965
2272180191
1918532427
1796747175
1501261193
2643856340
2146056165
2293873225
2526298775
2653934273
2040439373
1898064391
2144647597
2865467914
1533473394
2200679390
2411932090
2048338875
1829468510
1661170113
1885117592
2676317591
1846458250
2929660051
2218700952
2251295165
2270948330
2084082543
2127191414
2489870805
1414972755
2369382927
1821931105
1799695581
2730734635
2192649443
2734330074
1936080381
2628087323
1364938587
1419768483
2193659595
1274199495
2311935477
1941475915
2623378472
1640985081
2071362905
1900297265
1746584325
1957540784
2590832720
1280886952
2510394772
2007878997
2608213383
2403906047
2077794927
1909959751
2748268580
1795675915
2011290813
2424511574
2161782564
1845331542
2113139214
2591530283
1883456251
1988780261
1414936847
2483681582
1772793187
2255280617
2316841243
2508873230
2388066230
2059816357
2791948184
2145332472
1798294894
2366225514
2665118053
2603441913
1904458062
2425851672
1773606560
2196852110
1860981473
1082907731
2531592042
2158158064
1654234555
1782893893
1821321352
2269608733
1833433300
1699571835
2683402281
2023338143
1790544493
1798457534
2120677554
2641780704
2554063020
1265344415
2205141887
1884015304
1870554035
1867985857
2710071291
1748739633
1810801315
2704756264
2189969267
1940530297
1644045965
1645824025
2507324562
2145659163
2391320774
2830919181
2243620524
2103457084
2244181352
2685419280
1784461094
2654864185
1910127353
1296359301
1888995601
1950217647
1063185702
1797152707
1920366314
2119524760
2874991072
1878710120
2209317015
1922558071
1912326865
2420642614
1304443882
2100974560
1988509420
2502194652
2519068993
2273924302
2034336437
1971827447
2741402295
1859891060
2030187720
2405174862
1057394513
2690946965
1168772637
2091331080
2423747721
1955998847
2194516520
2426162322
1713875347
1773454673
2207671080
2528776842
2506161580
2588253350
2532105241
2000963650
2756768997
2641769404
1882458403
1175032324
1785147847
2987759563
1767500911
2717565272
1735820980
2071271633
2700916830
1976078173
2683107334
1907912372
1182740890
1135601150
2135530755
2033910734
1933567117
2617734361
1800212791
2014891212
2173950793
2511937252
2435109750
1757282551
1890895427
2029454053
1759076497
2073153777
2497457200
1794832432
1960102575
1795759277
1834749460
2020279231
2259882517
2655393083
2327959493
2319644860
2693117225
1869574420
1724207445
1668172393
2303198751
2880076604
1892461432
2829968314
2822520224
2079360411
1523863992
2640138674
1562858923
1891605797
1749611845
2004865125
1808674967
1997897251
2120757940
2080264013
2709480492
2232967935
2012697257
1979842037
1795000510
1606963805
2047975171
2632249643
1940454225
2295640610
2086516575
1773639522
1783360223
2841885812
1793442550
2625098232
2195012083
2818324744
2264563734
2232022007
2480677101
1300647404
1823778037
2886258690
1192369293
2867568130
1575373897
2380050063
2643230911
1782051663
2686181994
2083550091
1407781871
2273394652
1174958487
1895303622
1891971237
2611290465
2639498120
2565934841
2259287597
2219560077
1650184351
2179026902
1863454372
2441950890
1951581751
1884659273
1774577453
2467852867
1865815554
2425602327
2062683721
2681467643
2175194692
1883971544
2024273601
2401344977
1907306875
2749811971
1929138812
1016573065
2743574284
2748824247
2314475064
1952510907
2119481424
1908778370
2107319390
2356008405
2129031201
1940973153
1868023427
2883324594
1408457927
1997612073
1726215181
1852970661
2101525661
1860300534
1907106213
2636393123
1348824684
1683447574
2702452371
1847366105
2819951915
1805004115
2388719621
1790775421
2037018151
2918341405
2607241487
2077994371
1727058114
1731949952
2862631314
1971298352
2545263192
2304549305
2781091185
2044625263
2317522527
1443614132
1832948117
2791224137
2173412090
2696835134
2744553153
2614257711
2480856430
2553996424
2136861702
1454308190
2648943175
1717769050
1895772227
2675931631
2339188447
2536048420
1804966613
2414583527
1794619140
2757558764
1804212671
2069843953
1730909547
1769921494
1822153391
2590374304
2249948203
2696005500
1720242545
2800117975
1747279651
2089212605
1705584091
1299883534
2940419461
2180034720
