1789148835
1687518934
2155143133
2074979923
1577429253
1232908350
2338537207
1950089351
1421129511
1764093505
2047463851
2100378022
1214664124
2115116154
2277315141
1142477390
2617326960
2319520803
1746617145
2690532732
1973302057
1767289822
1891478330
2000948004
2200568507
2163994123
2037304333
1846754713
1845329005
2476428170
2395225325
2618407561
2083202515
1846202154
1936276984
1802078034
1836760691
2584152600
2002299901
1977918233
2145671632
1643915764
1985783050
1771860063
1617299060
2038838434
1840130065
2236240135
1680635242
1902520380
2689318823
2187159397
1624042735
2287922472
1549719153
2002645043
1732998390
2612364365
1881620375
1748460053
2447380855
1771737744
2696170763
2727938997
2826626781
2541131183
2510461407
2098386382
1704339583
2289743434
1704633313
1761921580
2075263631
1920052623
1175055234
1725880272
2063031733
1995833771
1844403512
2036342593
1783644661
1731424933
1837567024
2010168303
1887481700
2703189283
1665146430
2563899027
2029351653
2394601827
1755376993
1655789035
2087811745
1900494967
2695950223
1944470241
1692917755
2461968984
1670368384
1065141781
2597314854
2837369827
1819677692
1136975760
1773253313
1247654560
2246814337
2082541904
2262814374
1925266661
1969153087
1864930570
2656448573
2302180515
2714584622
2673281315
2352773371
1840267603
2376418163
2268056450
1758684791
2902243661
1892631622
2373651950
1829000385
2127651302
2187903440
2658068062
2668081395
2023390753
1658932841
2262494504
1894006970
2160282647
1689530612
2563952307
1745219205
1947391457
2668286057
1988082607
2569450380
1757912801
1969635162
1822659060
1997972144
2158736554
1761351092
1931538147
2480957927
2170098645
1163137583
1857357622
1770939840
2829041650
2434958700
1854954337
1799821470
2915956601
1636132645
1050456480
2720936294
2743029547
1810403231
1799772522
2045370585
1740627227
2167272807
2096789990
1947946215
2157961754
1874366362
2647614244
2292132843
1913293864
1873715811
2002536081
2889121397
1859163142
2627569351
1767714062
2064750047
1862625183
2134966137
2130502892
1885361094
1801975953
2871933912
1730462794
1717204327
1117382552
1790332421
1884423444
2218651163
1760255592
2122369290
1785967154
1987023157
1898199411
1793146272
1957728797
1720395665
1761447832
1858542060
1750171413
1178568955
2335488204
2042282905
1997135563
2878659112
1801748602
1784814034
1873659125
1837620383
2912140757
1810435734
2558109037
2720179691
2130658543
1088704050
2358090261
1849807474
1769959942
2355776963
2457965842
2884134340
1952739207
1421294223
2421001553
1852255540
2149113720
2452563850
1916248307
2007736921
1825048571
2104776145
2946908062
1710067597
1950787927
2094295974
1796577180
2176756562
2822961850
2676845857
2614633607
2875879357
1716183953
1372797915
1798497201
1783626175
1570167767
2134740324
1077787693
1628039235
2636898120
2366136764
2338379497
2647692022
2752696427
1763052324
1663248560
1883638951
2610200625
1962351745
2866859594
2062771545
2613489411
1507274744
1969546305
2392431483
2136702280
1871085133
2475988403
1391854503
2803470660
2212390347
2077501713
1973067123
2891069684
1834530680
1818182283
1762221800
1756404597
2214761702
1486834551
1599033767
1357043197
1878203645
1750953675
2230101693
2547573207
1260897677
2072246473
1997227020
1854415824
1995689177
1784031512
2686271883
1939595567
2081090771
1268070801
2010714412
1900856285
1777533090
1773326901
1874036764
1946862882
1727125102
2175499093
2012656965
1725182102
1914625181
1760959884
1746592795
2369738152
1734617753
1930666977
1891303055
2133933465
1765695364
1839309130
1751371481
1350586070
2760527121
1798526275
1805974967
1949369907
1853621790
2919252501
1765023160
2568350402
2394860432
2772124571
1912171223
1720629150
2479422535
2268203871
2154677301
1847362273
2167854500
1731926407
2276723527
2369342010
2146033804
1670983572
1227196303
2157674165
1926587721
1800992447
2581134275
1887983291
1407739713
1475437615
2101735232
2057420540
1769932184
2534665184
2532095945
2061048895
1791683473
1977155055
1967428465
2601153222
1914815557
2218594477
2277883310
2128452347
1821614785
1975237161
2238433162
1846235404
2676874453
1963499893
2245392860
2103086881
1789671570
2185170662
2245458474
1825962494
1734395381
2299379312
1761915874
2248749612
2290692714
1733075664
2448231204
1725449427
1874574091
1578882160
2415024351
1762180201
2346841834
1790101863
1747527443
2667687471
2042908493
1789630831
2276977673
1503160930
1793628422
1974177605
1803035451
2273612021
2093146790
2920613665
1609378691
1714813647
1732790151
2123506067
2281399127
2821097400
1748660322
2468311375
1771467965
1406237475
1788095893
2259800963
2216226155
1891660481
2188223593
2275609784
1768947924
2407376421
1444790121
2771137323
1820711840
2177868785
1752017325
1727739665
2254051861
2443893117
2327400913
1133559187
2920165977
1681511993
1957753571
1908872431
2471843280
2282652717
2008992591
2073941291
2817177695
1922495970
2774423543
1558437074
2407152573
1714267021
2126440164
1748221571
2615329057
1920468603
2801504374
1895148407
2079410235
2258995260
1933914774
2293249721
1787291203
1801891052
1980902173
1473692487
2743511245
1863587580
2281785382
1819174233
1642875702
2132655770
2508504723
1736978683
2172414000
1793541254
2908567991
1741261670
1098627302
1886021122
2522076952
1910509263
2408162215
2012704320
1896854261
1863759582
2418134250
1868308712
1883368733
1693971760
1984150895
1230386175
2517946841
1860166524
1765658773
2401072841
1842862017
1750565257
1780622337
2330188681
1765715837
1910489355
1882829285
2508369072
1973898381
1809805702
1996968133
2267400281
1431179320
1795527100
1899225713
1998909125
1813799684
1791269250
1736781745
1763023051
2261749523
2457544662
2255320531
2123982411
1713880285
1629467692
2080564081
1745057733
2024085881
1734271703
2181565287
1945899017
1750249992
1201378763
1704035970
1849721927
2212983000
2290338757
2792638844
2701039072
2483191980
1746803012
1900786951
1760626332
1826988484
1895686733
2890828950
1372410407
2152931144
2294672125
1752386257
2000600345
2316365162
1632059082
2633115122
1925282064
1750809333
1874955153
2801361881
1784642934
1863373634
2315169500
2307159711
1876492733
2458157824
1249625852
2770183180
2649542883
2625661680
1902442061
1992192031
1768479272
2247993830
1924722684
1960348927
2540977802
2019218342
2190185700
1785268074
2813060984
2872958955
1937616713
1760853672
1723876952
1821054692
2169683181
1534794741
2276904237
1734456337
2684514633
1995395125
1739387182
1771757882
1886330842
1818768951
2477149044
2189135980
1806730605
1799586363
2376786963
1935719773
2692143403
2375343590
2172835691
1775579317
1678325770
2332593041
2673943327
1832562393
2144236141
2146025912
1903177445
1779613153
1828543663
1035770013
1693015884
1870415662
2006304165
2814257973
1676910377
1791506445
1786995805
2466075763
2491668192
1776275763
1696410224
1783968267
2000409797
1935168410
1577893321
1737652673
1752440530
1809160933
1658896065
1765204052
1410459051
2076207777
1740881037
1801451565
1902855697
2413723662
1804350262
1965373851
1689232453
1594883692
1938906563
2339863151
1744126825
2207953194
2407391773
1883338984
1983292915
1717377551
2923264815
1189844033
1857276497
2180938590
2753484793
1826559572
1768309710
1688927607
1772316083
2249056622
1760376100
1882608927
1913295220
1911744823
1715889981
1790799731
1928430377
2770026545
1863881291
2597441251
1764533105
1879527283
2254298211
1354223203
1274570897
2568519485
1883817613
1731628433
2469511580
2492644790
1804427950
2090521615
1631007312
1950253675
1738993281
1853282903
1792134767
1889736100
1733836240
1762319871
1801699584
1849017031
1551119970
1032026904
1742676263
1959689883
2137963885
1982909974
1748718783
1978453367
2667272083
2673767453
1695737241
2126431651
1826822572
2022043465
2811397005
2452287384
2510019940
1923715365
2057190790
1760302402
2024315035
1856678754
1769014742
1736430831
1555623997
1741586112
2280606904
1886523813
1866554847
1869447787
2837964772
2014694251
1842485565
2465671360
2325949002
1781853502
2126286075
2335271970
1682565127
2077314863
2880182247
1945575343
2630817105
2619796765
2678474522
2301633813
1811205304
2579461694
2836249342
1764112912
2035078765
1702934260
1986721315
1761549264
2465114584
2073692663
2368778321
1824779724
1437429704
2269632045
2824899824
1870850271
2508835995
2186296430
1790662554
1785570752
2282779452
2424408795
1727779694
1861466504
2697725657
1765742840
2053185865
2440244190
1756545613
1820854195
1908554015
2473317480
2290756654
1758871317
2498037307
1816200724
1644299673
2383871124
2652503405
1784542995
1847477580
2015609907
1731456450
1990120713
1966832095
1859335671
2169522942
2772234264
2706798521
1147442680
1829393532
1731048972
1886280263
2453614244
1931524231
1181739975
2369923787
2698704323
1778345187
2078514265
1765922733
2051733015
1783520835
1976970453
1975059363
2294730053
1849287924
2447951637
2784600114
2740841822
2169109982
2077150005
2299677561
2385263593
1831277590
2907057623
2165412313
2902831957
1823591957
2684608894
1775070631
2806525663
1762682290
1444694424
1710328387
1651893502
2365048811
1945398197
1884479060
2621391633
2371972343
1055595394
1785147822
2660117555
2278648410
2617621575
2277042934
1620739357
2309147837
2497224354
1984043253
2752052547
2415670661
2023235295
2393850537
2736627635
1807750184
2559274800
2571137294
2280607624
1757277151
2267550821
1860898272
2061290283
1895141862
1959110663
2410513287
1775320544
2827496807
2197759154
2642476801
1912049290
2357269583
1783357873
2016740093
1403329060
1722042292
2199830627
1771686483
1891227524
2756698145
1931358521
1760577680
1959425757
2152183090
2239750672
2275989955
1745867197
1757497381
1768407714
2123025734
1973632903
1794094892
1779061665
2145223105
1804577650
1769783284
2675233954
1686496874
2014677524
1764407943
1861909510
1841096572
1598850041
1789529325
1739818175
2521753975
1172073612
1743412651
1815627221
2348613794
2790718367
1920671912
1841676271
2439952782
2525549970
1745728910
1741568030
2110070517
1729949101
1861591344
2558589912
2757060551
1762145670
2344885195
2786597670
2613058975
2918760551
2210742531
1729615175
1889649013
1840758673
1834682344
1427045633
1892821941
1922735574
2096507842
2051710845
1808842130
2703713524
2603815994
2348843090
1868617403
2322806255
1840196417
2434036200
1897600300
1797534212
1843759441
1849512444
2370367262
1771262497
1876817325
1944766490
1730865041
2915145600
1565388822
2215539870
1915207891
1711238287
1734314890
2684673060
2064157533
2422437620
1600241031
1631804833
1969936455
2742117520
2014018833
1756815863
2436472744
2127210977
2520072680
2299467683
1242852491
2564088182
2652263183
1685768045
1975893067
2415253053
1891347095
2056805250
2034119191
1929065841
1377128707
1803007271
1738473561
1731054274
2027517497
1881536060
2154509081
1407716900
1677288764
1134742570
2644190941
1894773924
2841848534
2661393863
2912575887
2927484183
1730271234
1823290477
2053849015
1272619927
2028681475
1846403734
1846830324
1682252387
2058846725
2248040537
1167444307
1771609164
2268144903
1231148213
1801615882
1741788880
1788476015
2091273207
2079845280
1791923365
2640840733
1812731364
1798766583
1881261830
1715206172
2841672061
2359327480
1885582830
2723513325
2710461513
1783350172
1220844664
1881582462
2199017324
1737774864
2255638857
1561962194
1944498723
1801890904
2598359114
1729123333
2524720137
1784052103
1711743421
2479026081
2917645707
2319243354
2755781573
2766550441
1823180557
2008565013
1908961555
2108796575
2503717235
1720705312
2681074953
1739909741
1893071287
2656745180
1770729803
1721543597
1573578440
1847756562
2419101980
2343196417
2272820772
1820672312
2184189262
2166942837
2081916897
2407576400
1798788593
2192956054
1916230353
1648220985
2010587320
2187442004
2429969941
2738798377
1587142453
2154209301
2600245050
1951305633
2281592025
1749782070
2430159893
1741309005
1775344182
2317578093
2061640831
2257534680
1790908217
2008656253
1732022575
1802376814
2929823591
1316793874
1806579724
1912143051
2174190607
1794112164
1724752294
1795886305
1954410315
2512138480
1704773083
1872137010
1949550734
1812544782
1800077764
1887370672
1308254270
2240206610
2665633773
1815883194
2209012850
1944193350
1198247562
1497187275
2188025680
2509890097
2625308081
1824567964
1957867143
1915637157
1629271983
1273952353
2406784000
1706018024
2871082351
2036114270
2281107372
2312663261
1721722081
1796726622
2135861423
2072169597
1914130325
1897388395
1824382690
2321408255
1780529050
2102203614
2029073772
1761176220
1997661771
1914037152
1931016713
1731184612
1849326675
2636565220
1916637415
1854158754
2210775970
2657062393
1805471235
2693682490
2861591390
2230507704
2415388754
1793001374
2487414757
1909951134
2340483173
1808505944
2565870637
2158916740
2292400532
1748447247
2341253134
2241303463
1909801087
1746802437
1806620274
2108348993
2023678250
2295183814
2571907620
2056890025
2870169002
1287786910
2265488792
1844895201
1773499144
2032465143
2368449233
1806749244
1770465217
2113081254
2775270411
2313957203
1933349530
2411363915
2595213383
1785249674
2456589150
2159388961
2493326037
2660910040
1766846305
1828774650
1765726865
1920467753
1631028441
2730148302
1773473434
1796397502
2145524081
1959275765
2095703902
1836697950
2661267317
1572050082
1869078092
2277069005
1632148994
1686271317
2750707853
1734688741
2813686272
2147256675
2161461350
1762405252
1884475290
1957591101
1974761045
2165018223
1779289397
2051065117
1937239592
2362252675
2629771742
1878257532
1736487690
2621942885
2124890454
2466353093
1729326871
2009589205
2152739325
1915583705
1928015654
2274516024
2162034723
1443744573
2527446520
1859783662
1639820223
2288241411
1787888763
1740044691
2691648247
2488768967
1827852517
2862795922
1782841711
2874083014
1897471325
1752477645
1914047473
2374019313
2644183972
2058288741
1835803314
1742574234
2382582185
2094142387
1935864283
1191403153
2690705897
2257152062
2015960077
2378683772
1854246035
1959743687
2293014555
2311413022
2395334603
1843193315
1968938947
1393065922
1371105537
1961015227
2408816825
2277309365
2030738791
1920083887
2078795271
2235547645
2528424590
2256024184
1675054693
1967045191
2305773992
1885075423
2357926300
1890533754
2509070785
2933611871
2677951462
1931094511
1773242872
2197818954
1857985890
2285944914
1900086074
1890323322
1994301040
2454904582
2170410732
2907331993
1610479027
1668910054
2640907893
1947629403
2510317282
2144709461
2617594984
2516448697
2969098164
1967137320
2843772324
1769214944
1921176397
1724733224
1841553221
1759675211
2393864097
1411372540
1908950087
1734505140
2248570501
2283753061
1889981120
1957879775
1930794275
1885705400
2013419457
1294152112
2795277017
2215463813
1736354230
1775128934
2289587755
2322608290
2094891290
1986590130
1005848921
2323355170
2097147383
1923707104
2174290532
2372317330
2427305141
1863392460
1877600213
1740430604
1845302552
2929974211
1589627363
1685618437
2706350367
2312455890
2143385631
1839093642
2117888795
2806858804
1695663462
2043470181
2486056121
2872585285
2046505665
2645041424
1822124645
1703707141
2874221410
2256615364
2595975627
1662855461
1707791950
2374352893
2058921750
2717109343
1747174655
2589139940
2137070847
1789469047
1728197703
2316119953
1682484690
1722467674
1799181013
1841800193
2090413161
2095926010
1671553827
1727181711
2480122885
2628149897
2409368875
2597406023
2245508805
1787651441
1162629025
1841920654
1068703231
1876921193
2293428115
2913819251
1424791490
1926460403
2499798732
2345052635
1987002603
2110984755
1747682317
1611282580
1572978907
2024009871
1932254607
1792765040
1758523875
1991844377
1703863511
1772948855
2129877384
1624797860
2234428313
1667557187
1779387202
1732679140
1752220351
1857135975
1766206122
1774273892
2875724962
1651029217
2300561352
2238082061
2282142160
2144242457
1803309775
1614952663
1772256455
1975039825
1805640072
1842280490
1054553274
2492455395
2451440160
1797686587
1229316273
1423813032
1791595001
1796425225
2499577373
2252646493
1742463557
2116325553
1787417515
2792874144
2174983283
1705436894
1835567377
2142262522
1640891383
1633369595
1422252884
2705146514
2703179972
2608185417
1821001840
1983079735
2115924301
1572589903
1040423500
2054288981
1889142594
2802183087
1864644594
2687143893
1800803363
1911269443
1768841187
2209759673
2807661027
1151391281
2925583031
1944538335
2037821390
1731166495
1580370877
1401135741
1879567351
2850498192
1713556040
1943227000
2200411322
1695383030
2716017473
1785221831
1889468954
1134818891
1890976945
1850595822
1728930010
2900988783
1662504521
1354338492
2756215317
2759096783
1772285825
2068399414
2663380651
2336972027
1773098961
1987272725
1983111250
2805605455
1994499631
2464415637
2341613672
2504021804
1401598720
1881314050
2734817753
1279648783
1821362312
1726666681
2676670083
2084568307
1830396311
2426637105
2327859785
1805234280
2054510861
2591368367
2682517685
1752428642
1648699985
2179522154
1778911211
2506844611
2825465490
1765554267
1935612140
2680896495
2937450857
2080823621
1825804625
1778610787
2265968870
2935302010
2180117905
2151516372
1066975375
1339847263
2770416475
1966075394
2670797504
1956084285
2274752144
2033576743
2121894597
2291828270
2015236477
2291326122
1785982803
2092939411
2240934701
1941417892
1742298047
1683524443
1735891605
1858919502
2161310425
1731058832
2156405623
2133577525
2197359160
2690422487
1788071725
2230877125
1683309454
1765591135
1859359427
1451673932
2849883913
1935512411
2608540591
2470450241
1792157645
2781441685
1680765672
2814945142
2075055543
1104991064
1804410201
2654501537
1901490432
2043851021
2740168723
2302673595
2756941603
1840179551
2676051807
2126696547
2108415010
1955994817
2190928633
1733336303
1928271161
2275372310
1911562711
2343126951
2254941797
2879483895
1971767514
2087533225
1050703775
1699994111
1948114897
1769739807
1928459457
2237209271
2163503131
2031362867
2884833555
2703439654
1762644921
1751773174
2164755091
1800139673
1763535057
2199394730
2212600140
2111541090
1725434927
1782640875
1732920020
1273692510
1830396172
2543865704
1911179501
2686401044
1708544880
1419982937
2401390102
1934102320
2365587303
2246037700
1868820580
1768723267
2087271373
2890194715
1844226492
2269695777
1904561583
1678993433
1696267511
2366940885
1745355172
2939411983
1760546450
2493305813
1694830433
2216203327
1763405841
2397015072
2939426915
2986578694
2278422961
2023965992
1928853755
2818554785
2286166984
1727708051
1729492151
2270637904
1753234185
2078650053
1945852854
1768942031
2966190380
1796655743
2176682923
2109946841
1840767750
2673774913
1926600657
1255716132
2326042252
1842196144
1773279052
1785103992
2078450673
2287169652
2122589530
1747109835
2791875845
1764807197
1811344605
1794870561
2150272817
1838612037
2517938177
1866522075
2812923551
1840051850
2938129391
2215822467
2332008802
2438383301
1345985684
2765009615
1244731907
2008697695
2387193792
2476748674
2277211005
1751129757
2212732872
1881818720
2398352405
1425276002
1281289412
1804027083
2780911555
2034342767
2941373071
2309499094
2471126263
2535316785
2124249032
1788574711
1701490202
1650822471
1627335197
2433199705
1232463602
2413945615
1874173094
2127542354
2101284952
1254706831
1275959944
1866714495
2924404717
2308605530
2181131457
2035882357
2293880707
2335869272
2035714660
1859737994
2180309592
1878780711
2289522711
2356656242
2086579810
2933785403
2887684987
2182840660
2510464215
2910771813
1681498255
2745119131
2234729257
2683321373
2405257944
2339526900
1844223142
2693539594
2904489951
1677209917
2132888331
2263170363
1832063887
1807917124
1827511401
2317186817
1341965152
1774864842
2872421595
1818858577
2919041147
1899530007
2579608342
2109574767
2212172887
1825930773
1098627650
2598223727
2397623793
1742660724
1802633995
1776684654
1860310650
2502729165
1740136031
1768810692
2655300671
2928787083
1844090625
1768031875
1908306343
1766762111
1930919973
2260048542
1821305277
1888904093
1970742801
2990780670
2516449900
1866414185
1653259910
1890711250
1724565534
2915168215
2244296532
2519846934
1978076000
2178132271
1881685533
1806990600
1897297982
1973401404
2372643781
1911746834
2872998157
2660774087
2423418393
1777684800
1959234673
2252525072
2667382717
2424572867
1948115235
2638978977
1815659652
1309441854
1929194991
1693181152
2882629554
2553062360
1971923197
1649373412
1216931675
1828937543
2196612617
1821190022
2258569891
1813610890
1893688050
2023512393
1657743763
1868458324
1162392660
1789695933
2301959001
1861304080
1014204040
2493275835
2217347400
1411669063
1974211293
1697182967
1831969140
2502323884
2190647974
1842392622
2460695893
1248400061
1710849470
1264669774
1932004215
2835625665
1831510740
1845239792
1634220865
2660588912
2791251757
1989550195
1812513442
1721335837
1736680671
1885397484
1641283970
2273270540
1697414374
1641003074
2624463437
2271243074
2438466192
2942170165
1812787260
1341928270
2684239221
1706208444
1925853410
2802881155
2031592854
2562928495
1873781013
2052192661
1824076421
1446049973
2034885555
2406265171
2867688464
2134314562
2088284107
1911824141
2629346842
2678474853
2946201401
2472731267
2345144215
2493686701
1808508444
2309341897
1857018054
2433752314
1864690295
2090182205
1751808307
1838182972
1955765800
2044804807
2270467292
2284750082
1859549930
1808186671
2108465197
1348741380
1582620574
1425800314
1621190502
2914947855
1766645415
1874764261
1135167961
1898174815
1940550607
1744407601
2428100643
1464160081
2141449487
1681151701
1751013424
2471171220
1868136081
1570252624
1931584541
2453810905
2650447013
1805612280
1777884655
1766459690
2214081254
1945963765
1275339700
2935426984
1746304141
2791970693
2103964963
2713647041
2697083572
1631833162
1757380105
1893918625
1791268770
2796795821
2365374691
1904996045
2932772581
2122499601
2236042580
2543583205
1881748124
1811490447
1720816727
1843481611
2136233551
2864227730
2784007823
1975930541
2664948265
2212975867
1735010215
1706560287
1525734871
2134649852
2381988207
2140526175
1900497361
2861210671
1052117800
2291783591
2077043577
2938244205
1870886135
2708378931
2941324477
2269817867
2170279327
2462965582
2597691757
2768528565
1609072007
2606786657
2155668875
1943662593
1762439144
2562452033
2148968272
1781023644
1827737934
1961623107
1770100002
2700484422
2774922705
1914867014
1801335333
2368677204
1871357720
2055330631
2790737140
1234735553
2692516737
1789001863
1784365353
2144853203
1749145993
2078037975
1460413991
2157751927
1769206705
2108609794
1303639837
2525047521
2723124491
1752804394
1775738667
1878168940
1745804070
1823551422
2596627624
2909872103
1773388621
2012540931
1915883311
2253299160
2702630705
2196395331
2004037133
2392145132
1922168835
2179768030
2938975963
1944133955
1402035904
1918030577
1856342450
2528302194
2657941133
2816284695
2008716917
2210600785
2279039144
1963649877
1911424020
1642873882
1881857062
2925711467
1800821801
1764320853
2061493455
2689795041
2013230737
1844781712
2739913495
2090871872
2610348953
1760430001
2678225725
1742692552
1600600353
1900602782
1932083303
2891071193
2941150043
1807566935
1806548872
2622167535
2076559203
1769195782
1917279001
1070696114
1912440724
1780665881
1572306774
2020407635
2620919395
2202843651
2653367061
1868084467
1764132822
1366185875
1784148535
1743152651
2713448241
2594686042
2581129774
1737335324
1790697085
2093145893
2466471715
1811736423
2268364541
1352109882
1811510883
2551523347
1852773372
2293123762
1724931953
1892571761
2652833783
1890062090
1657170901
1805230315
1263311967
1967290427
2700742694
2107926785
2465129563
2336729713
2809761970
1977122953
2117621041
1685342115
1822091815
2312191802
1991661767
1574651994
2653450903
2100727252
2679809715
2423064810
1116539070
1995468111
2364360310
1996141291
1781160427
1765232030
2154105597
2549647717
2796941387
2939284127
2843674224
1789105734
2857660065
1748371907
2371191522
2218122967
2134891703
1712129737
1610560822
1725081861
1282904063
2137866585
2948068197
2114097075
1926175393
2702825052
1952818577
1773935835
2144192270
2206145864
1831841724
1884613310
2042269707
1810621141
2729788730
1664407851
2784248985
2338087554
2334896037
1743663263
1900180645
1782972515
2461276247
2148107040
1781045143
2139707535
2494961411
2971243470
2521272747
1945612663
2816146292
2027511077
2420714223
1931547207
2610671095
2371601107
2655672062
1934205653
1707696965
2477307941
1768680160
1918623184
1771374764
1589511470
1951584144
1001148710
1261817900
2937975990
2790468601
1235468813
1586989805
2405384644
1918340451
2504764235
2077299181
1928704501
2767327962
1775373950
1751854780
2186948082
1873256980
2069268651
1666333104
1746529990
2514148450
2296353267
2369937940
2815289625
2284932571
2363190264
2117742174
1784852301
1807866584
2605449551
2089323765
1634414624
1796509604
1970111914
1750092905
1833371344
2549561813
2355269353
2948957573
1250588341
1878719554
2076930117
1841847267
2217647021
2729509943
1887749084
2748394013
2771575261
1967392493
1815422517
1745946324
2793105912
1656568412
1750066813
1411624435
1912556477
1997218363
2330841290
2935793877
2551968403
1837923423
1858492942
2313463542
1776054717
1650243841
1298354600
1922860173
1435364503
1771364362
1771590891
1765524507
2776753400
1078442542
2181844510
2205036353
2265291592
2116947815
1750997757
1991093764
2395719784
1728058145
1728535997
2460163851
1274190065
2285118051
1739749793
1845798772
1703136334
2792010681
1795431011
1663150935
1775281537
2449592890
1780614335
2279644985
1235706790
1810512154
2132024865
2114539415
1910956922
2734542142
1878698952
2358558592
1812994034
2732013457
1886827362
2451362750
1832575533
1698344152
2003821297
2301519065
1806623264
1722416041
1752678054
1780112633
1903346011
2060818511
1952802253
2898428107
1095458100
2106183852
1004150151
1877256163
1791978984
2517104694
1767706495
2014649584
1939452404
1966119933
1825330971
2522643527
1580862193
2879709483
1808409704
1947347141
2144730844
2144523651
1725420515
1669479522
1711621893
1764248137
2898590275
1167802262
2240594900
1803604091
1800419934
2058309627
1246966203
1863123352
1588051962
1992341357
1790003225
1964406001
2519341832
1809987352
2130831955
1828701104
2643692383
2133130861
1734957007
2460655020
1742977910
1901878965
2161588170
2182711314
2492828054
1235462742
2427916790
1748230422
2932712785
1704669662
1236683930
2002083113
1975859291
2393053245
1833285737
1893485182
2690754121
1986251484
1833091047
2116025022
1572949655
1557867693
1893584420
2438065781
1320567651
2168696470
1763308882
2189237685
1730525893
1910834340
2365467761
1860005533
2611213027
1865394022
1868493200
2736804015
2128977763
1918396921
2728064605
1609658061
2790200557
2556701660
1778733861
2101628311
1773164387
1913271542
2806226674
1601071495
2794951672
1996922231
2552723822
1887444867
2692646711
1969862805
2148415950
1707254912
1741800220
1832586860
2310699405
1845085592
2700637344
2654782297
1911158043
1863027871
1653353377
1746698644
2425697195
1786108852
2214109460
1742763961
1862169902
1725062625
2505683044
1970105915
1437376415
2186939793
2132077451
2492438610
1761014973
1910057200
1292641317
2092608231
1997556232
1890028445
1924276081
2750927984
2504484747
2705839654
1803338277
1687238560
2653554407
2587533831
2865128840
1692537691
2321316815
1874561527
2793054934
1861658162
2372430114
2550740313
1294693867
2235110185
2892439431
1230398190
1886366817
1733698722
1726599040
2035060724
2210635124
2632219231
1817582653
2787832347
1892827373
1845727890
2130481110
2093883505
1944508921
1570217832
2691371934
1801467092
1891612320
2414634861
2314371577
1193071585
2383906875
1913567665
2009223735
2098615262
2283720834
2245971654
1890251923
2376656037
2179609852
2088983515
2163340215
1916889740
1864062780
1748393075
1308819895
1864511561
2251450747
1881470115
1792905212
1850162861
1695534060
1405390160
2603354550
2305862862
1237072633
2469823397
2643574685
2191507753
2879759623
1874300937
1867498984
2006751292
2281769701
1751467547
2682451353
1266722132
1912998350
2094016443
1848944710
1408371924
1700159793
1686527654
1823867760
1953445252
1919762952
2257745157
1967191101
1760320595
2286290687
2891569917
1771737814
2139397877
1730128431
2108819033
2665149665
1611297811
2854479280
1994638117
1942087202
1748161633
1998672564
1750192277
1861996634
2115514483
2069849217
1908475041
1749033793
1732275833
1751725720
1799383830
2268995082
1951658090
2883066715
1894650364
1723293902
2064152202
2197735857
1763989574
2314021682
2831985365
2311615847
1767682120
2253835640
1957085154
2413491014
1864988141
1685264614
2931520952
2479179134
2332965303
2098866261
1665121413
1624956730
1705487350
2059128200
2293442844
1434937965
1737918902
2744809330
1821285410
2048713122
1868074757
1704591012
1678966140
2096158831
1765242720
2742150964
1738078290
1768513874
2395153457
2290022501
2631854917
1772104921
2200368642
1824373913
1649909780
1710708260
1771033053
2694513001
2010170335
1973260727
2477608154
1778233973
2549211241
2734499123
2108384350
2795509204
1955570560
2386008165
1826888030
1310375644
1932139785
2612320543
1874170995
1701982414
2940218703
1637403045
1942210993
1771432467
2028513785
1597790243
1897624544
1979729820
2470492135
1321591445
2640586817
1919843100
2697404255
1773963892
1780057570
2951926855
1980358907
2549351784
2774421215
1869059845
1396881520
1764113891
2003464433
2436723174
1823957493
2129199515
1963236951
1694810197
2431578835
2455694090
2085575824
2002549121
1649830894
1789121385
1250851170
1820588930
2478039904
2629448047
1817914632
2613909883
1880204643
1866256674
2610918081
1866793763
1761987184
1767028890
2210965251
2015537753
1890926361
1611714731
1818172205
1841463305
2121775434
1787902730
1567073901
1341526054
1579861253
2371524947
2157430601
1763858734
2254474121
1935197374
2510854561
1760114323
1987225111
1580930491
2458060502
2017692733
1805332485
2695375327
2147748970
1774317383
2071601663
1807326457
2711023985
1539956062
1699546995
2464141147
2589434184
2371849502
2215721357
1847331423
2906819371
1993938557
2954716792
2429378702
1822750111
1142897667
2126802482
1860375520
2499278473
2232793177
1731292272
1976515331
2790495377
2283226173
2097095263
2276688585
2149435387
1869533202
2081697042
1975213523
2332336537
2664767093
1180167624
1633352525
2883710370
2425334874
1761754145
1219530745
2918531993
1570077004
1153019981
2253467723
1260245064
2155913490
1788131741
1798335317
2583959184
2930793495
1732245822
1930176977
2176460522
2642726231
1787835624
1844353734
1874491521
1886613547
2176300993
2100588531
2674378483
2538511262
2053291515
1922667927
1770474032
2953509795
2506972724
2253556395
2342217041
2679286021
2072206374
2670788753
1792080685
2013153490
2943749875
2644780761
1630457977
1300639435
1951310367
1846340432
2885139791
1668920124
2272317252
1851128381
2341844125
2088984995
1940168924
2323770504
1647596880
2156134577
2120844045
1929919821
1073987491
1376639575
1951195311
1935502195
2658619680
2156785580
2408565872
1916806152
2345091971
1908136177
2011983153
1572635740
1798427352
2769959744
2347361913
2136992551
2828073195
2343401890
2751060317
2647712681
2410273444
1773463083
2812077122
1957398432
2020544651
2118041145
2191275122
2924953457
1904570153
1916252354
2491770345
2286072351
1894225007
1827748375
1579470935
1779984692
1823342292
1720807225
2631323341
1742725193
1331564000
1435568361
2447387995
1691249734
2630550285
1999208991
1447242603
2255025310
1933360035
1855065675
1967286071
2706651931
2683451551
1760636192
1757345787
1849090093
2669857880
1784965995
1952372903
1728725111
1842001142
2863097183
1957628153
1714808991
1176139255
2772969385
1885080882
2712624133
2131652517
2540279033
2097863747
2652045837
2153307632
1773770247
1835624220
2726097713
2744121587
2535580862
2700923340
2337198527
2296650624
1799934707
1636058641
1767032324
2394437882
2084073032
1666445324
1968228207
2937636307
1937976034
2678763944
1951039402
2406056540
1801901730
1776118211
1936776235
2096240917
2680788281
1827807643
2697793243
1702863147
1839520021
1851404325
2304136273
1142766920
2308331017
1721376707
1877420383
1767884474
1612812275
2208749173
1836736901
2149143473
1771353904
2989946682
1870436152
1967297125
1771095454
1859842350
2529814872
2254462113
2952581917
2515842565
1890962053
1947224793
2013859037
1973590975
2100456694
2125473707
2473167975
2287602247
1018596331
2061378230
1791022333
1751220814
2206994083
2144663387
1869794434
1565521067
1848477147
2649488192
2174243730
2721347145
1748034093
2261810567
1882724154
2018477111
1325702887
1735970083
2344249111
2668285881
2465748485
1494814632
1352605593
1669150034
1740718414
2665268265
2166979437
2108236712
1761879437
2626060481
2168490341
2439987357
2218250953
1273227960
1739197183
1712586415
1822976460
2354454804
2218415853
1893564687
1914581770
1978840427
2078733401
2260524767
2018911242
2447246651
2207754110
2846472141
2043512231
1922127194
2243958564
1673822622
2770366253
2217085160
1577778497
1229910137
1517008057
2934340147
1650255327
1720595530
2135689631
2811441804
2022455625
2054979150
2660452345
1796969590
2119061610
1890545843
1740741024
1914258632
2418439880
2432885601
1760661322
1866333181
1624699960
2176936904
1923331117
1745503167
2135293312
2002483267
2756292571
1801044027
1815187120
1882635252
1909692274
1767630510
2663867504
1657121384
1954586962
2102215983
2488442710
1919295777
1709707622
1781147191
2188488344
1977025343
2755821563
2747166300
2128836483
1764496460
2819727427
1797749640
2301915290
2090528465
1883595740
1914661112
2855133932
1891590222
2218312980
2772785303
2055514355
1654489667
1761627590
1801375841
1680184754
1802294214
2456332612
1801886464
2117199932
1960159815
1764527904
2383729250
1195420101
2559922720
1749259884
2662036521
1224702984
1724512724
2153364677
2994827654
2388909404
1910031804
2513958352
2303598225
1748073521
1830124232
2631825130
1893129020
2057868094
1777182112
1036364232
2100597934
1826645747
1636491661
1841695191
1935859413
1791218073
1847426804
2391836972
1900664725
1787795715
1792992980
1762447604
1877008871
1773129030
2964797174
1904943552
2012141087
2955140225
2202757715
1736992240
2652854985
2400659847
1774424427
2855326772
2273651973
1792283121
2149344033
2172845262
1866102615
2949010137
1913041974
2676819600
2202849560
1787998251
2385535584
1972652967
1758882912
1914651205
2806313810
1660028161
1954943135
2189554370
1860213740
2176356971
2543622117
1065038682
1773117475
2557419404
1900386295
2868843624
2377164451
1949049705
1061060194
2015206915
1903387651
1895278674
2637747734
1768842550
1901485205
1779924430
1884863302
1768578924
2157097170
1210703037
2692401852
1831338143
2247178387
1775986355
2272283320
2802545790
1263613302
2650576251
1952913510
2117676021
2702370324
1783907907
2004706303
1577656557
1791787295
1742701030
2630021661
2610293145
1974145542
1768082432
1727058434
1964186403
1155875600
1767807504
2181627925
2207376937
2738313513
2069072772
1970990650
2676247483
1758785377
2134100772
2685969953
1763810194
1676316232
2963038500
2251012757
2424631093
2268981440
1928169911
1677969184
1765241587
1937678143
1708968017
2343199830
2076681303
1948976760
1236840923
1718806940
1767521173
1840789772
1827836013
1961699343
1738729647
2618339771
1729148774
1797100990
1886772792
1548717145
2485995871
2855458970
1773143210
2085709185
1923426757
1650970135
1874884941
2423243292
2669475893
1816449750
1984500581
2374065184
2274611681
2214954324
1876933985
2159375657
1436782850
1980120143
1875954261
2050160882
1785481114
2705080024
2937727821
2297544514
1723218925
2136348432
2329766784
2398387051
1776529014
1774647067
1911157811
1825578931
2623136624
1583571084
2456883300
2175495150
1995683944
1801882751
2357181833
1827027861
1802683274
1766900502
2467528682
1772424163
2044927863
2603309545
1680891062
2470908592
1597338022
2368038024
1859901660
2836003894
1965359030
1799468312
1797176323
1690694901
2090850302
1825724243
1860365674
1978522653
1960768253
2837307601
1788703024
1783892290
2309866760
2374780705
2163515170
2004380462
2711767620
1659574743
1220485984
2160486844
2707375661
1919504587
2279155421
1866571207
2435071342
2812746641
2313169317
2727133765
2878082361
1898808152
2272851773
1878147871
2834180413
1984212960
1881323861
2475664231
2692827690
1788835885
2270937373
2346253670
2406534615
1668962463
2042885237
2610284284
1883380135
2960367717
1891390813
1368520917
2233252261
1862371801
1879562314
2069393305
1786692013
1875123527
1321485565
1762484272
1723941040
1863531774
1886163205
2345951474
2873744834
2195186823
2334567072
2030723665
2631528133
2123113363
1766226805
2023619517
2093788564
1878818620
2251210477
1989049420
1732630014
1888202615
1734812685
2147176341
2607590307
2138306781
1777275823
2625272877
1872654432
2068060847
1761285115
2844760183
1900079645
1783334257
1830616360
1899229325
1744930140
1950471932
2761242554
1892276253
1757970937
2959020744
2278526685
1772645932
2809780680
1790723615
2600336100
2151717493
1985394387
1678072287
1774173371
1924532192
1830276023
1919682155
1890930460
2716206315
1769424863
1957947913
1793263744
1785008547
1919537251
2494385622
2407129467
1911559667
1944335822
1681415460
2880231324
1868426635
1737473657
1835064050
2732744157
1734530563
2147413183
2635476470
1761605582
1823994573
1999502797
2111473640
2342625097
2385292732
1773859631
1915538015
2958844395
2522511863
1848295440
1800341522
1969423103
2066435495
1908495697
1985029163
1002903214
1911036587
1154654163
2012306591
2626433413
2087617741
2603107063
1810928812
2891004533
2058467335
1807227240
1796937122
2647769842
2712575421
1813933620
1747425202
1951479294
1786179713
2064770094
1277891214
1879291755
2309002725
2881509641
2790310293
2135797060
2585212455
1854417853
2642407661
2516239854
1773916613
2630753287
1999859255
1678368483
2450417720
2107010833
1849894410
1807050162
1717720445
2162927130
2129686205
2032205597
2037801581
2369580823
1503947174
2053542965
1682918634
1825926805
1260825107
2839146823
2491268095
2672894090
2905324851
1762448565
2404969080
1737405851
1747394334
1831140865
2302899867
1913639463
1296334821
1665484121
1738581007
1303567287
1743140082
2638308325
1961289165
1842023270
1998533885
1773560707
2102025854
1065566273
1946818873
2439465957
1765183410
1967968265
1523617053
1892241291
1810334223
1940069727
1858990700
1888825067
2538647875
1801900214
2061645702
1738126633
1823957667
1534780340
1731820455
2719530881
1737404597
2114101580
2822373207
2959536151
2018027064
1745204870
2335146331
2628191781
2040599437
2283074972
2543193402
1748722994
1973517014
2461010065
1633774935
2972887155
1852016410
1844566303
1820679373
2170246392
1304990412
2534637803
2044193104
1941548197
1682877955
2360385911
2419410502
1948202642
2664299195
1954140977
1835208903
1964537597
1907462365
1968090633
1999801691
1913359564
1823519542
2272442584
1980615363
2019734927
1737586331
1752801883
1236729913
1739658725
2728307094
2063938622
2135186444
1762241345
1628815073
1957222282
2377086805
2127703441
1970822537
2926861395
1770622611
1867211927
1768519974
1954806521
1758889604
1732129141
2399792687
1777852821
1858855082
2454336707
1664903111
2076554294
2306748922
1270897710
1730994630
1888641343
2277669383
1646976711
2808188737
2081893667
2819083907
1709344015
1069937787
1862020454
2245295111
2161034941
1580003233
1799167012
1994428660
2961969347
1964117377
1651291247
2055111243
2018821421
1810502634
1683967487
2364707950
2685178973
2435517573
2103374553
1994939053
2064783052
1833215277
1757087607
1903929567
1680125397
1757583693
2285101190
1786633470
1602144277
2040771177
1864309931
1242350567
2139771580
1835873203
2525179622
1693010174
1710765130
2013065077
1746909201
1354230477
1823679381
1691081425
1779300613
2465095927
1622011173
1892409523
2503363625
1680730432
2732971062
1953751475
2790125763
2959490813
2239074993
1907025422
1780081455
1743618134
2001810163
1793640350
1928894972
2369789705
1939262885
2848964887
1946856400
1376943084
1369263042
2911029981
2206302142
2442188921
1949030841
2964392945
1949601363
1886855512
1076117444
1213619135
2657932634
1796228771
2390217883
2880162552
2032633975
1652318312
1879361602
2107095533
2675803214
1790623741
1919945205
2693207641
2402090565
2528872330
1887916455
2176752891
1825321455
2762727455
1895866243
2047316991
2196172454
2158899360
2308508547
1979803970
2438700511
1813741684
2156069222
2233737572
2243984341
2052750487
1842393300
2476160521
2131500121
2618224663
1726123267
1491175123
1351604192
1923661645
1285800861
1533578887
2678037885
2964602131
2814886811
2615617977
1392592061
2523992070
2133982885
2392571667
2324892283
2323376821
1217033830
1873124960
1866646844
1871833554
1791338370
2669314253
2378702865
1802303137
2466832885
2115931220
1839927214
2694001124
1569633982
2936682073
2048209873
2417043632
1837455397
2381736417
1978200123
1734850717
1812665500
2009467383
2581930482
2784451134
2422736714
2546254520
2059910454
1892212103
2095027011
2930688515
2173158934
2058252400
2824795960
1828564133
2152874750
1890076180
1863461350
2810866370
1816460614
1768912820
2300305725
1910440523
1811237364
1954395991
2200453442
1156007281
2807726570
2236380633
2374043843
1464535504
2141376164
1659154913
2029695925
2773068595
2782422875
2158572265
1810538972
2804535145
1942907242
2500418011
2378276223
1856063915
2470082655
2674403270
1772540132
2834230477
2655366470
2449860763
2277996933
2723645500
2741339823
1238134094
2789546333
1854001982
2239989793
2958914910
2546856500
1732174207
1726011012
2070840287
2939794641
2472563935
1829418090
1804764235
2299419225
1934448547
1609825943
2502201432
2521394700
1748601141
2882319530
1867066921
1570229531
2702627193
1843163263
1871263862
2507245017
1958312361
1871937315
1922835342
1770559784
2642551147
1617811432
1798577334
1748922492
1769132237
1751302645
1879427250
2409423532
2605735785
2109607004
2087842322
1961345115
2426486345
2106564111
2241992550
1784148941
1763604901
1421673587
1811655935
2527528830
2726358053
2616640024
1912243261
1826060692
1966920213
1771902230
1900285081
1525084801
2095764500
1729171164
1688247365
2253204704
1878623314
1735105027
1863148140
2275882851
1849609742
1721354194
2239499222
1769730962
2312379890
1804290122
2082794535
2741304977
1846952777
1433349402
1885810631
1268417365
1858422502
2966908594
1258157013
1930640361
1505412302
2952759755
2656730713
1714369725
1954313491
1558352773
2184635025
2332088297
1734367762
1766367995
1862673781
2086592315
2797585783
2439673677
2421810363
1837074730
1785575997
1843042210
1574934790
2361435794
1118256601
1978910433
2436305202
2117869940
2420587087
1839705761
1769748137
2883031145
1371973767
2034304617
1871964710
1916355541
1903782547
1310193905
2739778215
1870975892
1630588430
1886228425
1855276705
1248961381
1825920404
1947008765
1855976495
1797323960
2320168264
2115325933
1692304300
2709227115
2159014054
2178830595
2191734984
1809337285
2481090751
2767422557
2003896373
2018523322
1558494020
1751769295
1889123262
1891767085
1762232032
2039123447
1974804110
1312596682
2266917407
1759674587
2605647514
2055871875
2508433741
1843905535
1727948790
2417323485
2519462393
2869035664
2513965350
2395735762
2276968034
1056599247
1799418470
2440787434
1975847467
2715287583
2408508054
1713534390
1795156153
1739455060
2408906204
2698836794
1981129513
2130012997
1748880894
2162601492
2426763194
1951530543
1837067821
2135740610
2280765651
2126608253
1589552093
1646641550
2239600551
1839857062
1412523685
1841814182
2614827027
1834419052
1898086825
2214732954
2858325982
1781673033
1557440880
2120295390
2368095427
1789525170
2631044237
1712406007
2495255774
1650794754
1805271365
2824224302
2162037812
2050474934
2969187305
2980390091
2709606392
1691264855
1784037414
2926832261
2297381514
1278001925
2338245077
1302574352
1703420890
2699756870
2456360477
1868739625
1749644034
2435134005
1781167931
2192988454
2956339490
2470579213
2103199945
1796748234
2320322647
1707737790
1450097005
1843651472
1993954695
1826952391
2948390604
2064934291
2631412093
2236516010
1648485997
1963592552
1852671953
1676008347
2126042781
1779241801
2064018713
1647824393
2716729023
1741733013
1722439631
2457755302
2352145471
2185365195
2391362463
2002449245
1906380491
2278218651
2642394753
2957131963
1821798180
2630260407
1772730653
2067977113
1870098220
1917338923
2413030042
2137451224
2954520412
1699265847
1587741925
1750281217
2923326902
2637445565
2172609670
2802078323
2903784565
2078005547
2646446121
1813783290
1896923321
2977145024
1515815683
1685962425
2567130985
1963239197
1852550144
2438285902
1954543465
2846657132
1064117181
1244970647
2921532483
1565302084
2833116997
2968051305
1775706207
1737815464
2094513681
2064062030
1864341500
1770483230
1882246055
2547045450
2158537602
2462148150
1791260417
2965255177
2659931443
2236810651
2216209495
2211016020
2905982467
2802386061
2668683984
1863680302
1785670505
1571214115
1825722533
1844547803
1770074732
2443319607
1733814042
2274761571
2082348765
2134098674
1801188673
2694634120
1745752251
1554478985
1860787723
1873788325
1678834501
2256209284
2368135160
2841794951
2007445277
2740807901
1882757620
1788779731
1661468694
1933940025
1768079983
2492857740
2100910862
2170140482
1759188121
1626079844
2165911007
2211340111
2726081621
2177420083
2437495413
2114586077
1730060063
2698674041
1670945274
2557997455
2742179257
1806595264
1215906605
2391483280
2825286193
2352374804
1879500773
1777863975
2441153290
1567737525
1442729350
1241458377
1417618080
1803785915
2462065334
1868796685
1936953934
2838796934
2218426375
1731235935
2071358835
2712993961
1759188087
2966203960
1892713165
1625460497
1743155985
1739420777
1888718753
2050806160
2116802055
1803736013
2236737083
2811320995
1898547665
1834295001
52000697
2057441721
1799803322
2659514611
2493836043
2883843372
1728749744
1791332530
2063589475
2017944497
1868162523
1242753117
2003922135
1777805171
2704943595
1842550300
2478843354
1664881840
1736844263
1864509032
2095192071
1793284794
1580513735
2518662291
1732773640
2109891042
2341746401
1619579071
2616243760
1875499715
1877611823
1964355883
1812222460
2318832857
2179810601
1878800702
1857201980
1792271377
1842017984
1772108555
2662479253
2563259343
2691725121
1699936787
2115714192
2276540200
1917808065
1273957350
1792072703
2756236243
1958582733
2131882790
2673057077
1764917254
2558654260
1886287400
2528159191
2597548491
1849274093
2609890271
2200103713
2294774805
2449479464
2685386693
2903145513
1795212044
1961404167
2515122313
1751334215
1963097625
2573670424
2703342741
1737062405
1992632651
1747186204
2807914074
2091500981
1426066911
2308848030
1724416850
2013779390
2658345933
1819652834
2904564584
2348653197
1720141170
1171221660
2827932105
2935840131
2683037451
1886830583
2355238954
2502404370
1737112272
2128572601
1922545474
2161662882
2482354647
2692269163
1840421371
2395941364
1687123800
2217704972
2287496343
1104865261
2394026271
2947991175
2426041660
1838645420
2120094144
2340658647
2378356995
1865281613
2566062457
2370355030
2094617673
2093626743
2778205125
1194042675
1749685745
1939899540
1802000010
1763003144
2039635380
2426882972
1779665860
2004961412
2031190531
1846868092
1772815145
1027186330
2192874347
1866129770
1734895667
1559930377
1822187642
2331717841
1752135961
1744388312
1805443591
1738596942
1975483017
1664579782
2719497145
2796307821
1863698154
2386949512
1758718061
1219197367
2436595740
1941836205
1785505253
1884515340
1920296583
1738940060
1781816725
1773452437
1799246283
2925019985
2466378715
2653375143
1745453703
1871655304
1835946285
2506141771
2341326642
1752146330
2329843345
1925152495
1274654644
2665067011
2058462651
2377148574
1688543744
1941690791
1848903702
2574042207
2785396650
2043486752
2030638903
2440756365
2339470807
2051248270
1763850432
1773135947
2681216761
1956659155
2021313947
1914525687
2706921171
2400174564
1768683754
1731177314
1887998771
1788541922
2811587214
2039427903
2218810701
2183071054
1782644261
2811384474
2705397620
1899675214
1656204954
2278810745
1734703533
2654071880
2657688742
1961739574
2594226372
2785682553
1997520177
1195522095
1938959504
1740305237
1801643634
2469153272
1934088217
2410304650
1615985112
1913329041
2193461095
2411817543
2935188975
2209528842
1827283352
2574004145
1834918370
2520132344
2915614455
1822878660
2499496837
1268963902
1316475472
2024059015
2079089377
2600537014
2989027844
1678216010
2488456250
1773464944
